--- Outer ballistic standard model --- %%--------- V4.4 --------%%
.aero
	Xcg            = 1 
	Sref           = 1 
	c              = 1 
	b              = 1 
	#MachVec       = [1,1,1,1,1,1] 
	#AngleVec      = [0,1,2,3,4,5,6,7,8,9,10,12,15,18,20] 
	#DefVec        = [0,2,4,6,8,10,12,14,16,18,20,22,24,26,28] 
	Mach_Vec       = MachVec 
	Beta_Vec       = AngleVec 
	Alpha_Vec      = AngleVec 
	Alpha3D        = [0,5,10,15,20] 
	Beta3D         = [0,5,10,15,20] 
	dr_Vec         = DefVec 
	de_Vec         = DefVec 
	da_Vec         = DefVec 
	AlphaMaxVec    = [20,20,20,20,20,20] 
	Alpha2Vec      = [20,20,20,20,20,20] 
	Alpha3Vec      = [20,20,20,20,20,20] 
	AccBTTVec      = [5,3] % g 
	AlphaBTTVec    = [10,7] % deg 
	SatAcc         = 10; % g
	StructMaxAcc   = 9; % g
	INSMaxAcc      = 10; % g

	Cyb0 = [\
		 1	1	1	1	1	1]
	Cza0 = [\
		1	1	1	1	1	1]
	Clb0 = [\
		1	1	1	1	1	1]
	Cma0 = [\
		1	1	1	1	1	1]
	Cnb0 = [\
		1	 1	 1	 1	 1	 1]
	Cxa = [\
		1	1	1	1	1	1;\
		1	1	1	1	1	1;\
		1	1	1	1	1	1;\
		1	1	1	1	1	1;\
		1	1	1	1	1	1;\
		1	1	1	1	1	1;\
		1	1	1	1	1	1;\
		1	1	1	1	1	1;\
		1	1	1	1	1	1;\
		1	1	1	1	1	1;\
		1	1	1	1	1	1;\
		1	1	1	1	1	1;\
		1	1	1	1	1	1;\
		1	1	1	1	1	1;\
		1	1	1	1	1	1]
	Cxb = [\
		1	1	1	1	1	1;\
		1	1	1	1	1	1;\
		1	1	1	1	1	1;\
		1	1	1	1	1	1;\
		1	1	1	1	1	1;\
		1	1	1	1	1	1;\
		1	1	1	1	1	1;\
		1	1	1	1	1	1;\
		1	1	1	1	1	1;\
		1	1	1	1	1	1;\
		1	1	1	1	1	1;\
		1	1	1	1	1	1;\
		1	1	1	1	1	1;\
		1	1	1	1	1	1;\
		1	1	1	1	1	1]
	Cxda = [\
		1	1	1	1	1	1;\
		1	1	1	1	1	1;\
		1	1	1	1	1	1;\
		1	1	1	1	1	1;\
		1	1	1	1	1	1;\
		1	1	1	1	1	1;\
		1	1	1	1	1	1;\
		1	1	1	1	1	1;\
		1	1	1	1	1	1;\
		1	1	1	1	1	1;\
		1	1	1	1	1	1;\
		1	1	1	1	1	1;\
		1	1	1	1	1	1;\
		1	1	1	1	1	1;\
		1	1	1	1	1	1]
	Cxde = [\
		1	1	1	1	1	1;\
		1	1	1	1	1	1;\
		1	1	1	1	1	1;\
		1	1	1	1	1	1;\
		1	1	1	1	1	1;\
		1	1	1	1	1	1;\
		1	1	1	1	1	1;\
		1	1	1	1	1	1;\
		1	1	1	1	1	1;\
		1	1	1	1	1	1;\
		1	1	1	1	1	1;\
		1	1	1	1	1	1;\
		1	1	1	1	1	1;\
		1	1	1	1	1	1;\
		1	1	1	1	1	1]
	Cxdr = [\
		1	1	1	1	1	1;\
		1	1	1	1	1	1;\
		1	1	1	1	1	1;\
		1	1	1	1	1	1;\
		1	1	1	1	1	1;\
		1	1	1	1	1	1;\
		1	1	1	1	1	1;\
		1	1	1	1	1	1;\
		1	1	1	1	1	1;\
		1	1	1	1	1	1;\
		1	1	1	1	1	1;\
		1	1	1	1	1	1;\
		1	1	1	1	1	1;\
		1	1	1	1	1	1;\
		1	1	1	1	1	1]
	CyBeta = [\
		1	1	1	1	1	1;\
		1	1	1	1	1	1;\
		1	1	1	1	1	1;\
		1	1	1	1	1	1;\
		1	1	1	1	1	1;\
		1	1	1	1	1	1;\
		1	1	1	1	1	1;\
		1	1	1	1	1	1;\
		1	1	1	1	1	1;\
		1	1	1	1	1	1;\
		1	1	1	1	1	1;\
		1	1	1	1	1	1;\
		1	1	1	1	1	1;\
		1	1	1	1	1	1;\
		1	1	1	1	1	1]
	CzAlpha = [\
		1	1	1	1	1	1;\
		1	1	1	1	1	1;\
		1	1	1	1	1	1;\
		1	1	1	1	1	1;\
		1	1	1	1	1	1;\
		1	1	1	1	1	1;\
		1	1	1	1	1	1;\
		1	1	1	1	1	1;\
		1	1	1	1	1	1;\
		1	1	1	1	1	1;\
		1	1	1	1	1	1;\
		1	1	1	1	1	1;\
		1	1	1	1	1	1;\
		1	1	1	1	1	1;\
		1	1	1	1	1	1]
	CmAlpha = [\
		1	1	1	1	1	1;\
		1	1	1	1	1	1;\
		1	1	1	1	1	1;\
		1	1	1	1	1	1;\
		1	1	1	1	1	1;\
		1	1	1	1	1	1;\
		1	1	1	1	1	1;\
		1	1	1	1	1	1;\
		1	1	1	1	1	1;\
		1	1	1	1	1	1;\
		1	1	1	1	1	1;\
		1	1	1	1	1	1;\
		1	1	1	1	1	1;\
		1	1	1	1	1	1;\
		1	1	1	1	1	1]
	CnBeta = [\
		1	1	1	1	1	1;\
		1	1	1	1	1	1;\
		1	1	1	1	1	1;\
		1	1	1	1	1	1;\
		1	1	1	1	1	1;\
		1	1	1	1	1	1;\
		1	1	1	1	1	1;\
		1	1	1	1	1	1;\
		1	1	1	1	1	1;\
		1	1	1	1	1	1;\
		1	1	1	1	1	1;\
		1	1	1	1	1	1;\
		1	1	1	1	1	1;\
		1	1	1	1	1	1;\
		1	1	1	1	1	1]
	CzTrimON = [\
		1	1	1	1	1	1;\
		1	1	1	1	1	1;\
		1	1	1	1	1	1;\
		1	1	1	1	1	1;\
		1	1	1	1	1	1;\
		1	1	1	1	1	1;\
		1	1	1	1	1	1;\
		1	1	1	1	1	1;\
		1	1	1	1	1	1;\
		1	1	1	1	1	1;\
		1	1	1	1	1	1;\
		1	1	1	1	1	1;\
		1	1	1	1	1	1;\
		1	1	1	1	1	1;\
		1	1	1	1	1	1]
	CzTrimOFF = [\
		1	1	1	1	1	1;\
		1	1	1	1	1	1;\
		1	1	1	1	1	1;\
		1	1	1	1	1	1;\
		1	1	1	1	1	1;\
		1	1	1	1	1	1;\
		1	1	1	1	1	1;\
		1	1	1	1	1	1;\
		1	1	1	1	1	1;\
		1	1	1	1	1	1;\
		1	1	1	1	1	1;\
		1	1	1	1	1	1;\
		1	1	1	1	1	1;\
		1	1	1	1	1	1;\
		1	1	1	1	1	1]
	Cyr = [\
		1	1	1	1	1	1;\
		1	1	1	1	1	1;\
		1	1	1	1	1	1;\
		1	1	1	1	1	1;\
		1	1	1	1	1	1;\
		1	1	1	1	1	1;\
		1	1	1	1	1	1;\
		1	1	1	1	1	1;\
		1	1	1	1	1	1;\
		1	1	1	1	1	1;\
		1	1	1	1	1	1;\
		1	1	1	1	1	1;\
		1	1	1	1	1	1;\
		1	1	1	1	1	1;\
		1	1	1	1	1	1]
	Czq = [\
		1	1	1	1	1	1;\
		1	1	1	1	1	1;\
		1	1	1	1	1	1;\
		1	1	1	1	1	1;\
		1	1	1	1	1	1;\
		1	1	1	1	1	1;\
		1	1	1	1	1	1;\
		1	1	1	1	1	1;\
		1	1	1	1	1	1;\
		1	1	1	1	1	1;\
		1	1	1	1	1	1;\
		1	1	1	1	1	1;\
		1	1	1	1	1	1;\
		1	1	1	1	1	1;\
		1	1	1	1	1	1]
	Clp = [\
		1	1	1	1	1	1;\
		1	1	1	1	1	1;\
		1	1	1	1	1	1;\
		1	1	1	1	1	1;\
		1	1	1	1	1	1;\
		1	1	1	1	1	1;\
		1	1	1	1	1	1;\
		1	1	1	1	1	1;\
		1	1	1	1	1	1;\
		1	1	1	1	1	1;\
		1	1	1	1	1	1;\
		1	1	1	1	1	1;\
		1	1	1	1	1	1;\
		1	1	1	1	1	1;\
		1	1	1	1	1	1]
	Cmq = [\
		1	1	1	1	1	1;\
		1	1	1	1	1	1;\
		1	1	1	1	1	1;\
		1	1	1	1	1	1;\
		1	1	1	1	1	1;\
		1	1	1	1	1	1;\
		1	1	1	1	1	1;\
		1	1	1	1	1	1;\
		1	1	1	1	1	1;\
		1	1	1	1	1	1;\
		1	1	1	1	1	1;\
		1	1	1	1	1	1;\
		1	1	1	1	1	1;\
		1	1	1	1	1	1;\
		1	1	1	1	1	1]
	Cnr = [\
		1	1	1	1	1	1;\
		1	1	1	1	1	1;\
		1	1	1	1	1	1;\
		1	1	1	1	1	1;\
		1	1	1	1	1	1;\
		1	1	1	1	1	1;\
		1	1	1	1	1	1;\
		1	1	1	1	1	1;\
		1	1	1	1	1	1;\
		1	1	1	1	1	1;\
		1	1	1	1	1	1;\
		1	1	1	1	1	1;\
		1	1	1	1	1	1;\
		1	1	1	1	1	1;\
		1	1	1	1	1	1]
	CyDelta3D(:,:,1) = [\
		1	1	1	1	1	1;\
		1	1	1	1	1	1;\
		1	1	1	1	1	1;\
		1	1	1	1	1	1;\
		1	1	1	1	1	1;\
		1	1	1	1	1	1;\
		1	1	1	1	1	1;\
		1	1	1	1	1	1;\
		1	1	1	1	1	1;\
		1	1	1	1	1	1;\
		1	1	1	1	1	1;\
		1	1	1	1	1	1;\
		1	1	1	1	1	1;\
		1	1	1	1	1	1;\
		1	1	1	1	1	1]
	CyDelta3D(:,:,2) = [\
		1	1	1	1	1	1;\
		1	1	1	1	1	1;\
		1	1	1	1	1	1;\
		1	1	1	1	1	1;\
		1	1	1	1	1	1;\
		1	1	1	1	1	1;\
		1	1	1	1	1	1;\
		1	1	1	1	1	1;\
		1	1	1	1	1	1;\
		1	1	1	1	1	1;\
		1	1	1	1	1	1;\
		1	1	1	1	1	1;\
		1	1	1	1	1	1;\
		1	1	1	1	1	1;\
		1	1	1	1	1	1]
	CyDelta3D(:,:,3) = [\
		1	1	1	1	1	1;\
		1	1	1	1	1	1;\
		1	1	1	1	1	1;\
		1	1	1	1	1	1;\
		1	1	1	1	1	1;\
		1	1	1	1	1	1;\
		1	1	1	1	1	1;\
		1	1	1	1	1	1;\
		1	1	1	1	1	1;\
		1	1	1	1	1	1;\
		1	1	1	1	1	1;\
		1	1	1	1	1	1;\
		1	1	1	1	1	1;\
		1	1	1	1	1	1;\
		1	1	1	1	1	1]]
	CyDelta3D(:,:,4) = [\
		1	1	1	1	1	1;\
		1	1	1	1	1	1;\
		1	1	1	1	1	1;\
		1	1	1	1	1	1;\
		1	1	1	1	1	1;\
		1	1	1	1	1	1;\
		1	1	1	1	1	1;\
		1	1	1	1	1	1;\
		1	1	1	1	1	1;\
		1	1	1	1	1	1;\
		1	1	1	1	1	1;\
		1	1	1	1	1	1;\
		1	1	1	1	1	1;\
		1	1	1	1	1	1;\
		1	1	1	1	1	1]
	CyDelta3D(:,:,5) = [\
		1	1	1	1	1	1;\
		1	1	1	1	1	1;\
		1	1	1	1	1	1;\
		1	1	1	1	1	1;\
		1	1	1	1	1	1;\
		1	1	1	1	1	1;\
		1	1	1	1	1	1;\
		1	1	1	1	1	1;\
		1	1	1	1	1	1;\
		1	1	1	1	1	1;\
		1	1	1	1	1	1;\
		1	1	1	1	1	1;\
		1	1	1	1	1	1;\
		1	1	1	1	1	1;\
		1	1	1	1	1	1]
	CzDelta3D(:,:,1) = [\
		1	1	1	1	1	1;\
		1	1	1	1	1	1;\
		1	1	1	1	1	1;\
		1	1	1	1	1	1;\
		1	1	1	1	1	1;\
		1	1	1	1	1	1;\
		1	1	1	1	1	1;\
		1	1	1	1	1	1;\
		1	1	1	1	1	1;\
		1	1	1	1	1	1;\
		1	1	1	1	1	1;\
		1	1	1	1	1	1;\
		1	1	1	1	1	1;\
		1	1	1	1	1	1;\
		1	1	1	1	1	1]
	CzDelta3D(:,:,2) = [\
		1	1	1	1	1	1;\
		1	1	1	1	1	1;\
		1	1	1	1	1	1;\
		1	1	1	1	1	1;\
		1	1	1	1	1	1;\
		1	1	1	1	1	1;\
		1	1	1	1	1	1;\
		1	1	1	1	1	1;\
		1	1	1	1	1	1;\
		1	1	1	1	1	1;\
		1	1	1	1	1	1;\
		1	1	1	1	1	1;\
		1	1	1	1	1	1;\
		1	1	1	1	1	1;\
		1	1	1	1	1	1]
	CzDelta3D(:,:,3) = [\
		1	1	1	1	1	1;\
		1	1	1	1	1	1;\
		1	1	1	1	1	1;\
		1	1	1	1	1	1;\
		1	1	1	1	1	1;\
		1	1	1	1	1	1;\
		1	1	1	1	1	1;\
		1	1	1	1	1	1;\
		1	1	1	1	1	1;\
		1	1	1	1	1	1;\
		1	1	1	1	1	1;\
		1	1	1	1	1	1;\
		1	1	1	1	1	1;\
		1	1	1	1	1	1;\
		1	1	1	1	1	1]
	CzDelta3D(:,:,4) = [\
		1	1	1	1	1	1;\
		1	1	1	1	1	1;\
		1	1	1	1	1	1;\
		1	1	1	1	1	1;\
		1	1	1	1	1	1;\
		1	1	1	1	1	1;\
		1	1	1	1	1	1;\
		1	1	1	1	1	1;\
		1	1	1	1	1	1;\
		1	1	1	1	1	1;\
		1	1	1	1	1	1;\
		1	1	1	1	1	1;\
		1	1	1	1	1	1;\
		1	1	1	1	1	1;\
		1	1	1	1	1	1]
	CzDelta3D(:,:,5) = [\
		1	1	1	1	1	1;\
		1	1	1	1	1	1;\
		1	1	1	1	1	1;\
		1	1	1	1	1	1;\
		1	1	1	1	1	1;\
		1	1	1	1	1	1;\
		1	1	1	1	1	1;\
		1	1	1	1	1	1;\
		1	1	1	1	1	1;\
		1	1	1	1	1	1;\
		1	1	1	1	1	1;\
		1	1	1	1	1	1;\
		1	1	1	1	1	1;\
		1	1	1	1	1	1;\
		1	1	1	1	1	1]
	ClDelta3D(:,:,1) = [\
		1	1	1	1	1	1;\
		1	1	1	1	1	1;\
		1	1	1	1	1	1;\
		1	1	1	1	1	1;\
		1	1	1	1	1	1;\
		1	1	1	1	1	1;\
		1	1	1	1	1	1;\
		1	1	1	1	1	1;\
		1	1	1	1	1	1;\
		1	1	1	1	1	1;\
		1	1	1	1	1	1;\
		1	1	1	1	1	1;\
		1	1	1	1	1	1;\
		1	1	1	1	1	1;\
		1	1	1	1	1	1]
	ClDelta3D(:,:,2) = [\
		1	1	1	1	1	1;\
		1	1	1	1	1	1;\
		1	1	1	1	1	1;\
		1	1	1	1	1	1;\
		1	1	1	1	1	1;\
		1	1	1	1	1	1;\
		1	1	1	1	1	1;\
		1	1	1	1	1	1;\
		1	1	1	1	1	1;\
		1	1	1	1	1	1;\
		1	1	1	1	1	1;\
		1	1	1	1	1	1;\
		1	1	1	1	1	1;\
		1	1	1	1	1	1;\
		1	1	1	1	1	1]
	ClDelta3D(:,:,3) = [\
		1	1	1	1	1	1;\
		1	1	1	1	1	1;\
		1	1	1	1	1	1;\
		1	1	1	1	1	1;\
		1	1	1	1	1	1;\
		1	1	1	1	1	1;\
		1	1	1	1	1	1;\
		1	1	1	1	1	1;\
		1	1	1	1	1	1;\
		1	1	1	1	1	1;\
		1	1	1	1	1	1;\
		1	1	1	1	1	1;\
		1	1	1	1	1	1;\
		1	1	1	1	1	1;\
		1	1	1	1	1	1]
	ClDelta3D(:,:,4) = [\
		1	1	1	1	1	1;\
		1	1	1	1	1	1;\
		1	1	1	1	1	1;\
		1	1	1	1	1	1;\
		1	1	1	1	1	1;\
		1	1	1	1	1	1;\
		1	1	1	1	1	1;\
		1	1	1	1	1	1;\
		1	1	1	1	1	1;\
		1	1	1	1	1	1;\
		1	1	1	1	1	1;\
		1	1	1	1	1	1;\
		1	1	1	1	1	1;\
		1	1	1	1	1	1;\
		1	1	1	1	1	1]
	ClDelta3D(:,:,5) = [\
		1	1	1	1	1	1;\
		1	1	1	1	1	1;\
		1	1	1	1	1	1;\
		1	1	1	1	1	1;\
		1	1	1	1	1	1;\
		1	1	1	1	1	1;\
		1	1	1	1	1	1;\
		1	1	1	1	1	1;\
		1	1	1	1	1	1;\
		1	1	1	1	1	1;\
		1	1	1	1	1	1;\
		1	1	1	1	1	1;\
		1	1	1	1	1	1;\
		1	1	1	1	1	1;\
		1	1	1	1	1	1]
	CmDelta3D(:,:,1) = [\
		1	1	1	1	1	1;\
		1	1	1	1	1	1;\
		1	1	1	1	1	1;\
		1	1	1	1	1	1;\
		1	1	1	1	1	1;\
		1	1	1	1	1	1;\
		1	1	1	1	1	1;\
		1	1	1	1	1	1;\
		1	1	1	1	1	1;\
		1	1	1	1	1	1;\
		1	1	1	1	1	1;\
		1	1	1	1	1	1;\
		1	1	1	1	1	1;\
		1	1	1	1	1	1;\
		1	1	1	1	1	1]
	CmDelta3D(:,:,2) = [\
		1	1	1	1	1	1;\
		1	1	1	1	1	1;\
		1	1	1	1	1	1;\
		1	1	1	1	1	1;\
		1	1	1	1	1	1;\
		1	1	1	1	1	1;\
		1	1	1	1	1	1;\
		1	1	1	1	1	1;\
		1	1	1	1	1	1;\
		1	1	1	1	1	1;\
		1	1	1	1	1	1;\
		1	1	1	1	1	1;\
		1	1	1	1	1	1;\
		1	1	1	1	1	1;\
		1	1	1	1	1	1]
	CmDelta3D(:,:,3) = [\
		1	1	1	1	1	1;\
		1	1	1	1	1	1;\
		1	1	1	1	1	1;\
		1	1	1	1	1	1;\
		1	1	1	1	1	1;\
		1	1	1	1	1	1;\
		1	1	1	1	1	1;\
		1	1	1	1	1	1;\
		1	1	1	1	1	1;\
		1	1	1	1	1	1;\
		1	1	1	1	1	1;\
		1	1	1	1	1	1;\
		1	1	1	1	1	1;\
		1	1	1	1	1	1;\
		1	1	1	1	1	1]
	CmDelta3D(:,:,4) = [\
		1	1	1	1	1	1;\
		1	1	1	1	1	1;\
		1	1	1	1	1	1;\
		1	1	1	1	1	1;\
		1	1	1	1	1	1;\
		1	1	1	1	1	1;\
		1	1	1	1	1	1;\
		1	1	1	1	1	1;\
		1	1	1	1	1	1;\
		1	1	1	1	1	1;\
		1	1	1	1	1	1;\
		1	1	1	1	1	1;\
		1	1	1	1	1	1;\
		1	1	1	1	1	1;\
		1	1	1	1	1	1]
	CmDelta3D(:,:,5) = [\
		1	1	1	1	1	1;\
		1	1	1	1	1	1;\
		1	1	1	1	1	1;\
		1	1	1	1	1	1;\
		1	1	1	1	1	1;\
		1	1	1	1	1	1;\
		1	1	1	1	1	1;\
		1	1	1	1	1	1;\
		1	1	1	1	1	1;\
		1	1	1	1	1	1;\
		1	1	1	1	1	1;\
		1	1	1	1	1	1;\
		1	1	1	1	1	1;\
		1	1	1	1	1	1;\
		1	1	1	1	1	1]
	CnDelta3D(:,:,1) = [\
		1	1	1	1	1	1;\
		1	1	1	1	1	1;\
		1	1	1	1	1	1;\
		1	1	1	1	1	1;\
		1	1	1	1	1	1;\
		1	1	1	1	1	1;\
		1	1	1	1	1	1;\
		1	1	1	1	1	1;\
		1	1	1	1	1	1;\
		1	1	1	1	1	1;\
		1	1	1	1	1	1;\
		1	1	1	1	1	1;\
		1	1	1	1	1	1;\
		1	1	1	1	1	1;\
		1	1	1	1	1	1]
	CnDelta3D(:,:,2) = [\
		1	1	1	1	1	1;\
		1	1	1	1	1	1;\
		1	1	1	1	1	1;\
		1	1	1	1	1	1;\
		1	1	1	1	1	1;\
		1	1	1	1	1	1;\
		1	1	1	1	1	1;\
		1	1	1	1	1	1;\
		1	1	1	1	1	1;\
		1	1	1	1	1	1;\
		1	1	1	1	1	1;\
		1	1	1	1	1	1;\
		1	1	1	1	1	1;\
		1	1	1	1	1	1;\
		1	1	1	1	1	1]
	CnDelta3D(:,:,3) = [\
		1	1	1	1	1	1;\
		1	1	1	1	1	1;\
		1	1	1	1	1	1;\
		1	1	1	1	1	1;\
		1	1	1	1	1	1;\
		1	1	1	1	1	1;\
		1	1	1	1	1	1;\
		1	1	1	1	1	1;\
		1	1	1	1	1	1;\
		1	1	1	1	1	1;\
		1	1	1	1	1	1;\
		1	1	1	1	1	1;\
		1	1	1	1	1	1;\
		1	1	1	1	1	1;\
		1	1	1	1	1	1]
	CnDelta3D(:,:,4) = [\
		1	1	1	1	1	1;\
		1	1	1	1	1	1;\
		1	1	1	1	1	1;\
		1	1	1	1	1	1;\
		1	1	1	1	1	1;\
		1	1	1	1	1	1;\
		1	1	1	1	1	1;\
		1	1	1	1	1	1;\
		1	1	1	1	1	1;\
		1	1	1	1	1	1;\
		1	1	1	1	1	1;\
		1	1	1	1	1	1;\
		1	1	1	1	1	1;\
		1	1	1	1	1	1;\
		1	1	1	1	1	1]
	CnDelta3D(:,:,5) = [\
		1	1	1	1	1	1;\
		1	1	1	1	1	1;\
		1	1	1	1	1	1;\
		1	1	1	1	1	1;\
		1	1	1	1	1	1;\
		1	1	1	1	1	1;\
		1	1	1	1	1	1;\
		1	1	1	1	1	1;\
		1	1	1	1	1	1;\
		1	1	1	1	1	1;\
		1	1	1	1	1	1;\
		1	1	1	1	1	1;\
		1	1	1	1	1	1;\
		1	1	1	1	1	1;\
		1	1	1	1	1	1]
	CyDelta3D2(:,:,1) = [\
		1	1	1	1	1	1;\
		1	1	1	1	1	1;\
		1	1	1	1	1	1;\
		1	1	1	1	1	1;\
		1	1	1	1	1	1;\
		1	1	1	1	1	1;\
		1	1	1	1	1	1;\
		1	1	1	1	1	1;\
		1	1	1	1	1	1;\
		1	1	1	1	1	1;\
		1	1	1	1	1	1;\
		1	1	1	1	1	1;\
		1	1	1	1	1	1;\
		1	1	1	1	1	1;\
		1	1	1	1	1	1]
	CyDelta3D2(:,:,2) = [\
		1	1	1	1	1	1;\
		1	1	1	1	1	1;\
		1	1	1	1	1	1;\
		1	1	1	1	1	1;\
		1	1	1	1	1	1;\
		1	1	1	1	1	1;\
		1	1	1	1	1	1;\
		1	1	1	1	1	1;\
		1	1	1	1	1	1;\
		1	1	1	1	1	1;\
		1	1	1	1	1	1;\
		1	1	1	1	1	1;\
		1	1	1	1	1	1;\
		1	1	1	1	1	1;\
		1	1	1	1	1	1]
	CyDelta3D2(:,:,3) = [\
		1	1	1	1	1	1;\
		1	1	1	1	1	1;\
		1	1	1	1	1	1;\
		1	1	1	1	1	1;\
		1	1	1	1	1	1;\
		1	1	1	1	1	1;\
		1	1	1	1	1	1;\
		1	1	1	1	1	1;\
		1	1	1	1	1	1;\
		1	1	1	1	1	1;\
		1	1	1	1	1	1;\
		1	1	1	1	1	1;\
		1	1	1	1	1	1;\
		1	1	1	1	1	1;\
		1	1	1	1	1	1]
	CyDelta3D2(:,:,4) = [\
		1	1	1	1	1	1;\
		1	1	1	1	1	1;\
		1	1	1	1	1	1;\
		1	1	1	1	1	1;\
		1	1	1	1	1	1;\
		1	1	1	1	1	1;\
		1	1	1	1	1	1;\
		1	1	1	1	1	1;\
		1	1	1	1	1	1;\
		1	1	1	1	1	1;\
		1	1	1	1	1	1;\
		1	1	1	1	1	1;\
		1	1	1	1	1	1;\
		1	1	1	1	1	1;\
		1	1	1	1	1	1]
	CyDelta3D2(:,:,5) = [\
		1	1	1	1	1	1;\
		1	1	1	1	1	1;\
		1	1	1	1	1	1;\
		1	1	1	1	1	1;\
		1	1	1	1	1	1;\
		1	1	1	1	1	1;\
		1	1	1	1	1	1;\
		1	1	1	1	1	1;\
		1	1	1	1	1	1;\
		1	1	1	1	1	1;\
		1	1	1	1	1	1;\
		1	1	1	1	1	1;\
		1	1	1	1	1	1;\
		1	1	1	1	1	1;\
		1	1	1	1	1	1]
	CzDelta3D2(:,:,1) = [\
		1	1	1	1	1	1;\
		1	1	1	1	1	1;\
		1	1	1	1	1	1;\
		1	1	1	1	1	1;\
		1	1	1	1	1	1;\
		1	1	1	1	1	1;\
		1	1	1	1	1	1;\
		1	1	1	1	1	1;\
		1	1	1	1	1	1;\
		1	1	1	1	1	1;\
		1	1	1	1	1	1;\
		1	1	1	1	1	1;\
		1	1	1	1	1	1;\
		1	1	1	1	1	1;\
		1	1	1	1	1	1]
	CzDelta3D2(:,:,2) = [\
		1	1	1	1	1	1;\
		1	1	1	1	1	1;\
		1	1	1	1	1	1;\
		1	1	1	1	1	1;\
		1	1	1	1	1	1;\
		1	1	1	1	1	1;\
		1	1	1	1	1	1;\
		1	1	1	1	1	1;\
		1	1	1	1	1	1;\
		1	1	1	1	1	1;\
		1	1	1	1	1	1;\
		1	1	1	1	1	1;\
		1	1	1	1	1	1;\
		1	1	1	1	1	1;\
		1	1	1	1	1	1]
	CzDelta3D2(:,:,3) = [\
		1	1	1	1	1	1;\
		1	1	1	1	1	1;\
		1	1	1	1	1	1;\
		1	1	1	1	1	1;\
		1	1	1	1	1	1;\
		1	1	1	1	1	1;\
		1	1	1	1	1	1;\
		1	1	1	1	1	1;\
		1	1	1	1	1	1;\
		1	1	1	1	1	1;\
		1	1	1	1	1	1;\
		1	1	1	1	1	1;\
		1	1	1	1	1	1;\
		1	1	1	1	1	1;\
		1	1	1	1	1	1]
	CzDelta3D2(:,:,4) = [\
		1	1	1	1	1	1;\
		1	1	1	1	1	1;\
		1	1	1	1	1	1;\
		1	1	1	1	1	1;\
		1	1	1	1	1	1;\
		1	1	1	1	1	1;\
		1	1	1	1	1	1;\
		1	1	1	1	1	1;\
		1	1	1	1	1	1;\
		1	1	1	1	1	1;\
		1	1	1	1	1	1;\
		1	1	1	1	1	1;\
		1	1	1	1	1	1;\
		1	1	1	1	1	1;\
		1	1	1	1	1	1]
	CzDelta3D2(:,:,5) = [\
		1	1	1	1	1	1;\
		1	1	1	1	1	1;\
		1	1	1	1	1	1;\
		1	1	1	1	1	1;\
		1	1	1	1	1	1;\
		1	1	1	1	1	1;\
		1	1	1	1	1	1;\
		1	1	1	1	1	1;\
		1	1	1	1	1	1;\
		1	1	1	1	1	1;\
		1	1	1	1	1	1;\
		1	1	1	1	1	1;\
		1	1	1	1	1	1;\
		1	1	1	1	1	1;\
		1	1	1	1	1	1]
	ClDelta3D2(:,:,1) = [\
		1	1	1	1	1	1;\
		1	1	1	1	1	1;\
		1	1	1	1	1	1;\
		1	1	1	1	1	1;\
		1	1	1	1	1	1;\
		1	1	1	1	1	1;\
		1	1	1	1	1	1;\
		1	1	1	1	1	1;\
		1	1	1	1	1	1;\
		1	1	1	1	1	1;\
		1	1	1	1	1	1;\
		1	1	1	1	1	1;\
		1	1	1	1	1	1;\
		1	1	1	1	1	1;\
		1	1	1	1	1	1]
	ClDelta3D2(:,:,2) = [\
		1	1	1	1	1	1;\
		1	1	1	1	1	1;\
		1	1	1	1	1	1;\
		1	1	1	1	1	1;\
		1	1	1	1	1	1;\
		1	1	1	1	1	1;\
		1	1	1	1	1	1;\
		1	1	1	1	1	1;\
		1	1	1	1	1	1;\
		1	1	1	1	1	1;\
		1	1	1	1	1	1;\
		1	1	1	1	1	1;\
		1	1	1	1	1	1;\
		1	1	1	1	1	1;\
		1	1	1	1	1	1]
	ClDelta3D2(:,:,3) = [\
		1	1	1	1	1	1;\
		1	1	1	1	1	1;\
		1	1	1	1	1	1;\
		1	1	1	1	1	1;\
		1	1	1	1	1	1;\
		1	1	1	1	1	1;\
		1	1	1	1	1	1;\
		1	1	1	1	1	1;\
		1	1	1	1	1	1;\
		1	1	1	1	1	1;\
		1	1	1	1	1	1;\
		1	1	1	1	1	1;\
		1	1	1	1	1	1;\
		1	1	1	1	1	1;\
		1	1	1	1	1	1]
	ClDelta3D2(:,:,4) = [\
		1	1	1	1	1	1;\
		1	1	1	1	1	1;\
		1	1	1	1	1	1;\
		1	1	1	1	1	1;\
		1	1	1	1	1	1;\
		1	1	1	1	1	1;\
		1	1	1	1	1	1;\
		1	1	1	1	1	1;\
		1	1	1	1	1	1;\
		1	1	1	1	1	1;\
		1	1	1	1	1	1;\
		1	1	1	1	1	1;\
		1	1	1	1	1	1;\
		1	1	1	1	1	1;\
		1	1	1	1	1	1]
	ClDelta3D2(:,:,5) = [\
		1	1	1	1	1	1;\
		1	1	1	1	1	1;\
		1	1	1	1	1	1;\
		1	1	1	1	1	1;\
		1	1	1	1	1	1;\
		1	1	1	1	1	1;\
		1	1	1	1	1	1;\
		1	1	1	1	1	1;\
		1	1	1	1	1	1;\
		1	1	1	1	1	1;\
		1	1	1	1	1	1;\
		1	1	1	1	1	1;\
		1	1	1	1	1	1;\
		1	1	1	1	1	1;\
		1	1	1	1	1	1]
	CmDelta3D2(:,:,1) = [\
		1	1	1	1	1	1;\
		1	1	1	1	1	1;\
		1	1	1	1	1	1;\
		1	1	1	1	1	1;\
		1	1	1	1	1	1;\
		1	1	1	1	1	1;\
		1	1	1	1	1	1;\
		1	1	1	1	1	1;\
		1	1	1	1	1	1;\
		1	1	1	1	1	1;\
		1	1	1	1	1	1;\
		1	1	1	1	1	1;\
		1	1	1	1	1	1;\
		1	1	1	1	1	1;\
		1	1	1	1	1	1]
	CmDelta3D2(:,:,2) = [\
		1	1	1	1	1	1;\
		1	1	1	1	1	1;\
		1	1	1	1	1	1;\
		1	1	1	1	1	1;\
		1	1	1	1	1	1;\
		1	1	1	1	1	1;\
		1	1	1	1	1	1;\
		1	1	1	1	1	1;\
		1	1	1	1	1	1;\
		1	1	1	1	1	1;\
		1	1	1	1	1	1;\
		1	1	1	1	1	1;\
		1	1	1	1	1	1;\
		1	1	1	1	1	1;\
		1	1	1	1	1	1]
	CmDelta3D2(:,:,3) = [\
		1	1	1	1	1	1;\
		1	1	1	1	1	1;\
		1	1	1	1	1	1;\
		1	1	1	1	1	1;\
		1	1	1	1	1	1;\
		1	1	1	1	1	1;\
		1	1	1	1	1	1;\
		1	1	1	1	1	1;\
		1	1	1	1	1	1;\
		1	1	1	1	1	1;\
		1	1	1	1	1	1;\
		1	1	1	1	1	1;\
		1	1	1	1	1	1;\
		1	1	1	1	1	1;\
		1	1	1	1	1	1]
	CmDelta3D2(:,:,4) = [\
		1	1	1	1	1	1;\
		1	1	1	1	1	1;\
		1	1	1	1	1	1;\
		1	1	1	1	1	1;\
		1	1	1	1	1	1;\
		1	1	1	1	1	1;\
		1	1	1	1	1	1;\
		1	1	1	1	1	1;\
		1	1	1	1	1	1;\
		1	1	1	1	1	1;\
		1	1	1	1	1	1;\
		1	1	1	1	1	1;\
		1	1	1	1	1	1;\
		1	1	1	1	1	1;\
		1	1	1	1	1	1]
	CmDelta3D2(:,:,5) = [\
		1	1	1	1	1	1;\
		1	1	1	1	1	1;\
		1	1	1	1	1	1;\
		1	1	1	1	1	1;\
		1	1	1	1	1	1;\
		1	1	1	1	1	1;\
		1	1	1	1	1	1;\
		1	1	1	1	1	1;\
		1	1	1	1	1	1;\
		1	1	1	1	1	1;\
		1	1	1	1	1	1;\
		1	1	1	1	1	1;\
		1	1	1	1	1	1;\
		1	1	1	1	1	1;\
		1	1	1	1	1	1]
	CnDelta3D2(:,:,1) = [\
		1	1	1	1	1	1;\
		1	1	1	1	1	1;\
		1	1	1	1	1	1;\
		1	1	1	1	1	1;\
		1	1	1	1	1	1;\
		1	1	1	1	1	1;\
		1	1	1	1	1	1;\
		1	1	1	1	1	1;\
		1	1	1	1	1	1;\
		1	1	1	1	1	1;\
		1	1	1	1	1	1;\
		1	1	1	1	1	1;\
		1	1	1	1	1	1;\
		1	1	1	1	1	1;\
		1	1	1	1	1	1]
	CnDelta3D2(:,:,2) = [\
		1	1	1	1	1	1;\
		1	1	1	1	1	1;\
		1	1	1	1	1	1;\
		1	1	1	1	1	1;\
		1	1	1	1	1	1;\
		1	1	1	1	1	1;\
		1	1	1	1	1	1;\
		1	1	1	1	1	1;\
		1	1	1	1	1	1;\
		1	1	1	1	1	1;\
		1	1	1	1	1	1;\
		1	1	1	1	1	1;\
		1	1	1	1	1	1;\
		1	1	1	1	1	1;\
		1	1	1	1	1	1]
	CnDelta3D2(:,:,3) = [\
		1	1	1	1	1	1;\
		1	1	1	1	1	1;\
		1	1	1	1	1	1;\
		1	1	1	1	1	1;\
		1	1	1	1	1	1;\
		1	1	1	1	1	1;\
		1	1	1	1	1	1;\
		1	1	1	1	1	1;\
		1	1	1	1	1	1;\
		1	1	1	1	1	1;\
		1	1	1	1	1	1;\
		1	1	1	1	1	1;\
		1	1	1	1	1	1;\
		1	1	1	1	1	1;\
		1	1	1	1	1	1]
	CnDelta3D2(:,:,4) = [\
		1	1	1	1	1	1;\
		1	1	1	1	1	1;\
		1	1	1	1	1	1;\
		1	1	1	1	1	1;\
		1	1	1	1	1	1;\
		1	1	1	1	1	1;\
		1	1	1	1	1	1;\
		1	1	1	1	1	1;\
		1	1	1	1	1	1;\
		1	1	1	1	1	1;\
		1	1	1	1	1	1;\
		1	1	1	1	1	1;\
		1	1	1	1	1	1;\
		1	1	1	1	1	1;\
		1	1	1	1	1	1]
	CnDelta3D2(:,:,5) = [\
		1	1	1	1	1	1;\
		1	1	1	1	1	1;\
		1	1	1	1	1	1;\
		1	1	1	1	1	1;\
		1	1	1	1	1	1;\
		1	1	1	1	1	1;\
		1	1	1	1	1	1;\
		1	1	1	1	1	1;\
		1	1	1	1	1	1;\
		1	1	1	1	1	1;\
		1	1	1	1	1	1;\
		1	1	1	1	1	1;\
		1	1	1	1	1	1;\
		1	1	1	1	1	1;\
		1	1	1	1	1	1]
